11,4,13,5,1,4,0,1,0,0,1,1,1,3,3773,9
119,21,75,3,1,1,0,1,0,0,1,1,1,3,3773,3
36,9,25,5,3,3,0,1,0,0,1,1,1,3,3773,2
14,7,14,4,3,4,0,1,0,0,1,1,1,3,3773,6
5,5,2,4,3,5,0,1,0,0,1,1,1,3,3773,7
31,8,27,3,3,2,0,1,0,0,1,1,1,3,3773,2
45,12,46,4,3,2,0,1,0,0,1,1,1,3,3773,4
2,1,4,4,3,3,0,1,0,0,1,1,1,3,3773,0
24,3,8,4,3,4,0,1,0,0,1,1,1,3,3773,3
12,7,11,3,3,3,0,1,0,0,1,1,1,3,3773,5
102,24,58,2,2,3,0,1,0,0,1,1,1,3,3773,9
20,9,24,3,2,4,0,1,0,0,1,1,1,3,3773,4
7,6,9,2,2,4,0,1,0,0,1,1,1,3,3773,1
22,5,13,3,2,4,0,1,0,0,1,1,1,3,3773,1
3,3,0,3,2,4,0,1,0,0,1,1,1,3,3773,1
146,17,33,4,2,3,0,1,0,0,1,1,1,3,3773,2
8,8,9,1,4,3,0,1,0,0,1,1,1,3,3773,4
9,3,1,4,4,3,0,1,0,0,1,1,1,3,3773,2
41,9,19,3,4,2,0,1,0,0,1,1,1,3,3773,2
8,7,26,2,4,2,0,1,0,0,1,1,1,3,3773,10
10,5,2,4,4,2,0,1,0,0,1,1,1,3,3773,7
4,3,3,1,4,2,0,1,0,0,1,1,1,3,3773,3
18,7,19,4,1,3,0,1,0,0,1,1,1,3,3773,0
4,4,3,2,1,2,0,1,0,0,1,1,1,3,3773,5
29,11,15,4,1,2,1,1,0,1,1,1,2,3,3981,3
114,42,52,4,1,1,1,1,0,1,1,1,2,3,3981,11
30,12,17,5,1,2,1,1,0,1,1,1,2,3,3981,8
87,18,36,3,1,1,1,1,0,1,1,1,2,3,3981,3
26,10,28,5,3,5,1,1,0,1,1,1,2,3,3981,1
8,7,9,5,3,2,1,1,0,1,1,1,2,3,3981,8
11,8,13,5,3,2,1,1,0,1,1,1,2,3,3981,7
4,3,2,3,3,2,1,1,0,1,1,1,2,3,3981,0
56,8,7,3,3,5,1,1,0,1,1,1,2,3,3981,1
13,12,8,3,3,4,1,1,0,1,1,1,2,3,3981,4
58,9,15,4,2,2,1,1,0,1,1,1,2,3,3981,0
20,7,4,3,2,2,1,1,0,1,1,1,2,3,3981,6
70,27,24,4,2,4,1,1,0,1,1,1,2,3,3981,6
6,3,7,4,2,4,1,1,0,1,1,1,2,3,3981,1
290,263,299,4,2,2,1,1,0,1,1,1,2,3,3981,10
24,6,9,2,2,3,1,1,0,1,1,1,2,3,3981,2
29,8,21,3,4,1,1,1,0,1,1,1,2,3,3981,2
20,5,59,3,4,2,1,1,0,1,1,1,2,3,3981,8
3,3,3,3,4,3,1,1,0,1,1,1,2,3,3981,4
47,6,27,4,4,4,1,1,0,1,1,1,2,3,3981,5
35,8,19,4,4,3,1,1,0,1,1,1,2,3,3981,6
6,0,4,4,4,4,1,1,0,1,1,1,2,3,3981,1
74,47,54,4,1,2,1,1,0,1,1,1,2,3,3981,7
34,8,30,3,1,5,1,1,0,1,1,1,2,3,3981,4
576,43,340,3,1,2,1,1,0,1,1,0,3,4,3003,3
20,8,11,4,1,5,1,1,0,1,1,0,3,4,3003,5
418,32,132,2,1,2,1,1,0,1,1,0,3,4,3003,3
73,13,22,4,1,2,1,1,0,1,1,0,3,4,3003,2
30,10,32,3,3,2,1,1,0,1,1,0,3,4,3003,2
63,15,17,4,3,1,1,1,0,1,1,0,3,4,3003,2
24,10,13,5,3,2,1,1,0,1,1,0,3,4,3003,5
54,18,16,2,3,1,1,1,0,1,1,0,3,4,3003,5
20,7,11,4,3,2,1,1,0,1,1,0,3,4,3003,2
41,7,24,4,3,2,1,1,0,1,1,0,3,4,3003,3
7,5,7,4,2,2,1,1,0,1,1,0,3,4,3003,9
13,9,15,4,2,4,1,1,0,1,1,0,3,4,3003,1
10,5,4,4,2,3,1,1,0,1,1,0,3,4,3003,1
9,6,19,3,2,2,1,1,0,1,1,0,3,4,3003,7
36,19,36,2,2,5,1,1,0,1,1,0,3,4,3003,5
33,12,19,3,2,3,1,1,0,1,1,0,3,4,3003,5
156,126,142,3,4,4,1,1,0,1,1,0,3,4,3003,8
19,17,16,4,4,2,1,1,0,1,1,0,3,4,3003,5
23,17,11,3,4,3,1,1,0,1,1,0,3,4,3003,1
13,3,3,2,4,2,1,1,0,1,1,0,3,4,3003,1
8,5,8,4,4,2,1,1,0,1,1,0,3,4,3003,8
1,0,2,1,4,1,1,1,0,1,1,0,3,4,3003,0
21,18,6,2,1,1,1,1,0,1,1,0,3,4,3003,0
56,14,36,5,1,2,1,1,0,1,1,0,3,4,3003,3
29,11,14,3,1,1,1,1,1,1,1,1,4,4,2884,6
11,5,8,4,1,2,1,1,1,1,1,1,4,4,2884,1
19,12,167,4,1,4,1,1,1,1,1,1,4,4,2884,9
17,9,16,5,1,5,1,1,1,1,1,1,4,4,2884,-1806
43,8,20,4,3,2,1,1,1,1,1,1,4,4,2884,1
12,8,3,4,3,4,1,1,1,1,1,1,4,4,2884,2
15,14,7,4,3,4,1,1,1,1,1,1,4,4,2884,9
16,13,16,3,3,3,1,1,1,1,1,1,4,4,2884,6
12,4,25,3,3,3,1,1,1,1,1,1,4,4,2884,1
10,0,5,4,3,4,1,1,1,1,1,1,4,4,2884,3
27,17,16,3,2,3,1,1,1,1,1,1,4,4,2884,6
6,5,5,4,2,2,1,1,1,1,1,1,4,4,2884,2
21,20,14,5,2,2,1,1,1,1,1,1,4,4,2884,3
43,14,27,4,2,5,1,1,1,1,1,1,4,4,2884,5
97,31,37,4,2,2,1,1,1,1,1,1,4,4,2884,8
7,3,4,4,2,2,1,1,1,1,1,1,4,4,2884,5
11,9,6,3,4,2,1,1,1,1,1,1,4,4,2884,0
78,11,30,4,4,1,1,1,1,1,1,1,4,4,2884,2
12,7,4,5,4,3,1,1,1,1,1,1,4,4,2884,5
27,11,5,3,4,2,1,1,1,1,1,1,4,4,2884,2
4,3,1,5,4,2,1,1,1,1,1,1,4,4,2884,7
27,9,8,4,4,3,1,1,1,1,1,1,4,4,2884,2
12,3,7,4,1,4,1,1,1,1,1,1,4,4,2884,4
21,16,48,5,1,2,1,1,1,1,1,1,4,4,2884,12
34,17,30,4,1,3,1,1,1,1,1,1,5,4,1467,8
12,6,1,5,1,4,1,1,1,1,1,1,5,4,1467,2
79,39,51,3,1,2,1,1,1,1,1,1,5,4,1467,5
18,10,16,3,1,1,1,1,1,1,1,1,5,4,1467,2
13,3,8,4,3,1,1,1,1,1,1,1,5,4,1467,3
14,4,9,4,3,2,1,1,1,1,1,1,5,4,1467,1
19,9,28,5,3,2,1,1,1,1,1,1,5,4,1467,3
88,15,103,4,3,1,1,1,1,1,1,1,5,4,1467,3
8,4,0,4,3,2,1,1,1,1,1,1,5,4,1467,1
39,15,31,3,3,4,1,1,1,1,1,1,5,4,1467,1
130,41,61,4,2,1,1,1,1,1,1,1,5,4,1467,3
79,78,105,4,2,4,1,1,1,1,1,1,5,4,1467,7
13,10,16,4,2,5,1,1,1,1,1,1,5,4,1467,10
18,6,17,4,2,2,1,1,1,1,1,1,5,4,1467,1
8,7,3,5,2,4,1,1,1,1,1,1,5,4,1467,1
15,4,6,5,2,2,1,1,1,1,1,1,5,4,1467,0
27,0,9,1,4,2,1,1,1,1,1,1,5,4,1467,0
5,3,2,5,4,2,1,1,1,1,1,1,5,4,1467,5
22,6,6,5,4,4,1,1,1,1,1,1,5,4,1467,1
5,3,11,2,4,4,1,1,1,1,1,1,5,4,1467,1
31,8,11,4,4,5,1,1,1,1,1,1,5,4,1467,1
33,8,8,5,4,4,1,1,1,1,1,1,5,4,1467,7
10,6,11,5,1,2,1,1,1,1,1,1,5,4,1467,4
12,3,3,5,1,3,1,1,1,1,1,1,5,4,1467,4
50,14,24,5,1,4,1,1,0,1,1,1,6,5,3348,7
161,33,85,4,1,2,1,1,0,1,1,1,6,5,3348,3
153,38,81,5,1,3,1,1,0,1,1,1,6,5,3348,10
14,3,12,5,1,3,1,1,0,1,1,1,6,5,3348,2
31,12,10,5,3,3,1,1,0,1,1,1,6,5,3348,4
15,10,29,3,3,3,1,1,0,1,1,1,6,5,3348,9
5,5,4,5,3,2,1,1,0,1,1,1,6,5,3348,3
46,4,21,4,3,2,1,1,0,1,1,1,6,5,3348,2
15,6,39,1,3,2,1,1,0,1,1,1,6,5,3348,4
63,27,35,4,3,2,1,1,0,1,1,1,6,5,3348,5
17,15,13,4,2,2,1,1,0,1,1,1,6,5,3348,2
25,22,36,1,2,5,1,1,0,1,1,1,6,5,3348,9
14,8,4,5,2,2,1,1,0,1,1,1,6,5,3348,1
59,56,37,3,2,3,1,1,0,1,1,1,6,5,3348,6
11,10,17,5,2,3,1,1,0,1,1,1,6,5,3348,3
54,18,31,4,2,4,1,1,0,1,1,1,6,5,3348,5
4,3,4,5,4,2,1,1,0,1,1,1,6,5,3348,3
10,7,7,5,4,2,1,1,0,1,1,1,6,5,3348,3
14,6,7,5,4,1,1,1,0,1,1,1,6,5,3348,11
39,12,16,5,4,4,1,1,0,1,1,1,6,5,3348,2
35,24,43,5,4,2,1,1,0,1,1,1,6,5,3348,4
6,6,9,3,4,3,1,1,0,1,1,1,6,5,3348,0
23,7,2,4,1,3,1,1,0,1,1,1,6,5,3348,3
48,21,67,4,1,2,1,1,0,1,1,1,6,5,3348,13
16,9,14,4,1,4,1,1,0,1,1,1,7,5,2959,3
12,6,3,5,1,4,1,1,0,1,1,1,7,5,2959,1
36,9,15,4,1,4,1,1,0,1,1,1,7,5,2959,2
127,40,80,5,1,2,1,1,0,1,1,1,7,5,2959,8
12,5,1,5,3,2,1,1,0,1,1,1,7,5,2959,1
17,17,74,5,3,2,1,1,0,1,1,1,7,5,2959,10
23,7,21,4,3,4,1,1,0,1,1,1,7,5,2959,7
102,17,45,5,3,1,1,1,0,1,1,1,7,5,2959,2
113,15,55,5,3,3,1,1,0,1,1,1,7,5,2959,8
30,8,10,2,3,1,1,1,0,1,1,1,7,5,2959,1
24,24,24,2,2,2,1,1,0,1,1,1,7,5,2959,7
15,5,18,5,2,4,1,1,0,1,1,1,7,5,2959,3
6,4,14,1,2,1,1,1,0,1,1,1,7,5,2959,1
3,3,0,4,2,4,1,1,0,1,1,1,7,5,2959,7
41,10,56,5,2,3,1,1,0,1,1,1,7,5,2959,4
19,8,56,4,2,2,1,1,0,1,1,1,7,5,2959,10
18,9,10,5,4,2,1,1,0,1,1,1,7,5,2959,1
6,6,7,5,4,2,1,1,0,1,1,1,7,5,2959,7
103,5,98,5,4,2,1,1,0,1,1,1,7,5,2959,7
18,4,16,5,4,4,1,1,0,1,1,1,7,5,2959,0
9,7,7,5,4,1,1,1,0,1,1,1,7,5,2959,5
50,19,45,5,4,1,1,1,0,1,1,1,7,5,2959,0
4,3,8,2,1,2,1,1,0,1,1,1,7,5,2959,8
7,3,8,5,1,3,1,1,0,1,1,1,7,5,2959,5
28,23,31,3,1,2,1,1,0,1,1,1,8,5,3025,4
32,6,11,5,1,3,1,1,0,1,1,1,8,5,3025,10
4,0,4,5,1,2,1,1,0,1,1,1,8,5,3025,9
37,8,9,4,1,2,1,1,0,1,1,1,8,5,3025,3
10,3,7,5,3,3,1,1,0,1,1,1,8,5,3025,6
36,30,80,5,3,3,1,1,0,1,1,1,8,5,3025,8
31,10,14,4,3,2,1,1,0,1,1,1,8,5,3025,5
66,33,60,5,3,2,1,1,0,1,1,1,8,5,3025,10
17,4,8,5,3,2,1,1,0,1,1,1,8,5,3025,0
57,20,71,5,3,1,1,1,0,1,1,1,8,5,3025,0
42,8,22,4,2,4,1,1,0,1,1,1,8,5,3025,6
28,20,14,3,2,2,1,1,0,1,1,1,8,5,3025,8
19,8,10,4,2,4,1,1,0,1,1,1,8,5,3025,3
20,11,21,5,2,3,1,1,0,1,1,1,8,5,3025,9
75,19,93,4,2,4,1,1,0,1,1,1,8,5,3025,8
91,16,26,4,2,1,1,1,0,1,1,1,8,5,3025,3
52,48,78,3,4,4,1,1,0,1,1,1,8,5,3025,8
93,4,8,5,4,3,1,1,0,1,1,1,8,5,3025,2
9,3,15,5,4,3,1,1,0,1,1,1,8,5,3025,1
5,3,9,5,4,2,1,1,0,1,1,1,8,5,3025,2
37,7,10,5,4,4,1,1,0,1,1,1,8,5,3025,0
31,25,35,3,4,3,1,1,0,1,1,1,8,5,3025,7
6,4,4,5,1,2,1,1,0,1,1,1,8,5,3025,7
252,55,113,4,1,3,1,1,0,1,1,1,8,5,3025,8
164,48,82,5,1,2,1,1,1,1,1,1,9,5,2700,4
5,3,9,5,1,3,1,1,1,1,1,1,9,5,2700,4
7,5,20,4,1,2,1,1,1,1,1,1,9,5,2700,3
18,11,15,5,1,2,1,1,1,1,1,1,9,5,2700,7
20,13,16,5,3,4,1,1,1,1,1,1,9,5,2700,6
21,5,12,4,3,1,1,1,1,1,1,1,9,5,2700,8
125,35,48,5,3,1,1,1,1,1,1,1,9,5,2700,4
11,7,10,4,3,2,1,1,1,1,1,1,9,5,2700,1
16,10,16,3,3,5,1,1,1,1,1,1,9,5,2700,7
19,5,5,5,3,2,1,1,1,1,1,1,9,5,2700,3
73,27,365,5,2,2,1,1,1,1,1,1,9,5,2700,6
5,4,4,5,2,2,1,1,1,1,1,1,9,5,2700,11
30,10,17,5,2,2,1,1,1,1,1,1,9,5,2700,3
7,4,10,5,2,2,1,1,1,1,1,1,9,5,2700,3
67,46,99,5,2,2,1,1,1,1,1,1,9,5,2700,6
18,13,25,5,2,5,1,1,1,1,1,1,9,5,2700,9
12,7,11,2,4,1,1,1,1,1,1,1,9,5,2700,4
40,12,26,5,4,4,1,1,1,1,1,1,9,5,2700,7
142,17,31,4,4,2,1,1,1,1,1,1,9,5,2700,3
8,4,16,5,4,2,1,1,1,1,1,1,9,5,2700,7
15,9,3,5,4,1,1,1,1,1,1,1,9,5,2700,2
2,18,14,5,4,2,1,1,1,1,1,1,9,5,2700,8
10,6,10,5,1,2,1,1,1,1,1,1,9,5,2700,5
16,13,55,5,1,2,1,1,1,1,1,1,9,5,2700,9
21,7,13,5,1,5,1,1,0,1,1,1,10,5,1282,10
69,58,41,5,1,1,1,1,0,1,1,1,10,5,1282,5
33,13,8,5,1,1,1,1,0,1,1,1,10,5,1282,5
1,0,2,5,1,3,1,1,0,1,1,1,10,5,1282,0
49,8,23,5,3,2,1,1,0,1,1,1,10,5,1282,5
775,52,255,3,3,2,1,1,0,1,1,1,10,5,1282,2
16,7,6,4,3,2,1,1,0,1,1,1,10,5,1282,7
1,0,1,5,3,2,1,1,0,1,1,1,10,5,1282,0
19,11,17,4,3,3,1,1,0,1,1,1,10,5,1282,7
7,4,8,5,3,3,1,1,0,1,1,1,10,5,1282,7
38,18,16,5,2,2,1,1,0,1,1,1,10,5,1282,8
48,14,30,5,2,1,1,1,0,1,1,1,10,5,1282,9
136,20,55,5,2,3,1,1,0,1,1,1,10,5,1282,3
26,8,1,4,2,3,1,1,0,1,1,1,10,5,1282,6
3,3,2,4,2,2,1,1,0,1,1,1,10,5,1282,4
78,17,24,5,2,2,1,1,0,1,1,1,10,5,1282,5
24,18,12,5,4,3,1,1,0,1,1,1,10,5,1282,0
2,0,15,1,4,3,1,1,0,1,1,1,10,5,1282,1
4,3,3,5,4,4,1,1,0,1,1,1,10,5,1282,11
11,7,17,5,4,2,1,1,0,1,1,1,10,5,1282,2
1,0,1,2,4,2,1,1,0,1,1,1,10,5,1282,0
35,16,17,4,4,3,1,1,0,1,1,1,10,5,1282,2
110,19,76,4,1,1,1,1,0,1,1,1,10,5,1282,2
53,25,24,5,1,2,1,1,0,1,1,1,10,5,1282,3
320,45,102,3,1,1,1,0,0,0,1,1,11,4.5,188,6
2,0,2,4,1,1,1,0,0,0,1,1,11,4.5,188,1
26,6,12,5,1,3,1,0,0,0,1,1,11,4.5,188,1
4,4,0,5,1,2,1,0,0,0,1,1,11,4.5,188,2
9,9,6,2,3,5,1,0,0,0,1,1,11,4.5,188,1
17,14,70,5,3,4,1,0,0,0,1,1,11,4.5,188,10
3,0,1,5,3,2,1,0,0,0,1,1,11,4.5,188,1
14,0,4,2,3,3,1,0,0,0,1,1,11,4.5,188,4
235,111,267,5,3,4,1,0,0,0,1,1,11,4.5,188,9
59,9,21,5,3,2,1,0,0,0,1,1,11,4.5,188,3
2,0,2,5,2,4,1,0,0,0,1,1,11,4.5,188,0
2,0,1,5,2,2,1,0,0,0,1,1,11,4.5,188,0
21,18,53,5,2,2,1,0,0,0,1,1,11,4.5,188,11
4,0,16,1,2,4,1,0,0,0,1,1,11,4.5,188,0
184,52,70,5,2,2,1,0,0,0,1,1,11,4.5,188,3
262,75,150,4,2,3,1,0,0,0,1,1,11,4.5,188,2
69,11,17,5,4,2,1,0,0,0,1,1,11,4.5,188,0
92,12,27,4,4,1,1,0,0,0,1,1,11,4.5,188,2
131,61,116,3,4,3,1,0,0,0,1,1,11,4.5,188,8
25,10,16,5,4,4,1,0,0,0,1,1,11,4.5,188,8
49,22,53,3,4,2,1,0,0,0,1,1,11,4.5,188,5
148,33,55,4,4,1,1,0,0,0,1,1,11,4.5,188,3
26,7,22,4,1,2,1,0,0,0,1,1,11,4.5,188,4
13,4,1,4,1,2,1,0,0,0,1,1,11,4.5,188,2
3,3,20,1,1,1,1,1,0,1,1,1,21,5,2034,5
46,12,87,5,1,2,1,1,0,1,1,1,21,5,2034,3
127,40,81,4,1,2,1,1,0,1,1,1,21,5,2034,8
15,5,12,5,1,1,1,1,0,1,1,1,21,5,2034,4
16,14,23,5,3,2,1,1,0,1,1,1,21,5,2034,7
113,38,27,4,3,4,1,1,0,1,1,1,21,5,2034,1
7,5,5,3,3,3,1,1,0,1,1,1,21,5,2034,7
73,32,99,4,3,4,1,1,0,1,1,1,21,5,2034,10
35,12,3,5,3,1,1,1,0,1,1,1,21,5,2034,2
139,20,86,5,3,4,1,1,0,1,1,1,21,5,2034,5
28,12,30,5,2,2,1,1,0,1,1,1,21,5,2034,2
34,8,26,4,2,1,1,1,0,1,1,1,21,5,2034,4
4,3,5,5,2,4,1,1,0,1,1,1,21,5,2034,3
32,11,14,5,2,3,1,1,0,1,1,1,21,5,2034,3
9,3,4,5,2,3,1,1,0,1,1,1,21,5,2034,1
333,58,200,5,2,3,1,1,0,1,1,1,21,5,2034,4
29,11,15,5,4,2,1,1,0,1,1,1,21,5,2034,6
85,43,68,5,4,4,1,1,0,1,1,1,21,5,2034,5
12,5,1,5,4,2,1,1,0,1,1,1,21,5,2034,5
34,10,7,4,4,1,1,1,0,1,1,1,21,5,2034,4
13,7,8,5,4,2,1,1,0,1,1,1,21,5,2034,5
5,5,14,5,4,2,1,1,0,1,1,1,21,5,2034,5
169,25,41,5,1,4,1,1,0,1,1,1,21,5,2034,8
11,10,6,5,1,1,1,1,0,1,1,1,21,5,2034,7
4,3,2,5,1,2,1,1,0,1,1,1,12,3.5,1228,6
50,39,48,2,1,3,1,1,0,1,1,1,12,3.5,1228,10
10,3,1,5,1,1,1,1,0,1,1,1,12,3.5,1228,4
7,4,4,5,1,2,1,1,0,1,1,1,12,3.5,1228,1
60,7,42,5,3,2,1,1,0,1,1,1,12,3.5,1228,8
92,49,18,4,3,2,1,1,0,1,1,1,12,3.5,1228,5
106,37,58,4,3,1,1,1,0,1,1,1,12,3.5,1228,3
7,5,45,4,3,3,1,1,0,1,1,1,12,3.5,1228,10
37,31,38,5,3,3,1,1,0,1,1,1,12,3.5,1228,9
70,25,19,1,3,2,1,1,0,1,1,1,12,3.5,1228,3
9,3,4,5,2,4,1,1,0,1,1,1,12,3.5,1228,1
11,6,7,5,2,5,1,1,0,1,1,1,12,3.5,1228,1
39,18,9,4,2,3,1,1,0,1,1,1,12,3.5,1228,4
10,0,9,5,2,3,1,1,0,1,1,1,12,3.5,1228,1
78,17,24,4,2,2,1,1,0,1,1,1,12,3.5,1228,5
48,21,19,5,2,3,1,1,0,1,1,1,12,3.5,1228,4
112,34,41,5,4,3,1,1,0,1,1,1,12,3.5,1228,7
28,17,14,5,4,5,1,1,0,1,1,1,12,3.5,1228,2
11,3,16,2,4,2,1,1,0,1,1,1,12,3.5,1228,2
9,5,11,4,4,1,1,1,0,1,1,1,12,3.5,1228,9
4,4,1,3,4,3,1,1,0,1,1,1,12,3.5,1228,0
22,15,25,4,4,3,1,1,0,1,1,1,12,3.5,1228,6
42,11,36,5,1,2,1,1,0,1,1,1,12,3.5,1228,7
20,16,9,4,1,2,1,1,0,1,1,1,12,3.5,1228,7
160,34,88,4,1,1,1,1,0,0,1,1,13,3.5,732,6
372,78,169,4,1,1,1,1,0,0,1,1,13,3.5,732,4
84,18,36,5,1,3,1,1,0,0,1,1,13,3.5,732,4
21,13,20,5,1,1,1,1,0,0,1,1,13,3.5,732,5
95,37,55,4,3,4,1,1,0,0,1,1,13,3.5,732,6
118,107,131,5,3,1,1,1,0,0,1,1,13,3.5,732,10
6,0,8,5,3,2,1,1,0,0,1,1,13,3.5,732,10
60,4,31,4,3,2,1,1,0,0,1,1,13,3.5,732,2
275,79,339,4,3,2,1,1,0,0,1,1,13,3.5,732,7
46,39,42,4,3,1,1,1,0,0,1,1,13,3.5,732,6
6,5,6,5,2,3,1,1,0,0,1,1,13,3.5,732,4
11,0,5,5,2,3,1,1,0,0,1,1,13,3.5,732,0
75,37,48,5,2,2,1,1,0,0,1,1,13,3.5,732,6
240,76,115,5,2,2,1,1,0,0,1,1,13,3.5,732,3
20,12,7,5,2,3,1,1,0,0,1,1,13,3.5,732,1
62,40,25,5,2,3,1,1,0,0,1,1,13,3.5,732,5
88,19,58,5,4,4,1,1,0,0,1,1,13,3.5,732,1
6,3,5,5,4,4,1,1,0,0,1,1,13,3.5,732,0
18,9,8,3,4,1,1,1,0,0,1,1,13,3.5,732,7
159,43,78,5,4,3,1,1,0,0,1,1,13,3.5,732,4
47,23,20,4,4,2,1,1,0,0,1,1,13,3.5,732,1
86,12,46,4,4,2,1,1,0,0,1,1,13,3.5,732,5
42,9,13,5,1,2,1,1,0,0,1,1,13,3.5,732,1
64,33,23,4,1,3,1,1,0,0,1,1,13,3.5,732,7
167,71,119,5,1,2,1,1,1,1,1,1,14,3,716,8
25,5,12,5,1,4,1,1,1,1,1,1,14,3,716,8
12,12,6,3,1,1,1,1,1,1,1,1,14,3,716,4
608,117,319,5,1,1,1,1,1,1,1,1,14,3,716,5
5,4,3,5,3,4,1,1,1,1,1,1,14,3,716,8
26,17,34,5,3,2,1,1,1,1,1,1,14,3,716,7
11,5,9,5,3,2,1,1,1,1,1,1,14,3,716,7
39,10,13,4,3,2,1,1,1,1,1,1,14,3,716,3
1,0,3,2,3,3,1,1,1,1,1,1,14,3,716,0
108,20,22,3,3,1,1,1,1,1,1,1,14,3,716,5
119,20,46,5,2,4,1,1,1,1,1,1,14,3,716,1
27,15,17,3,2,2,1,1,1,1,1,1,14,3,716,6
55,55,134,5,2,2,1,1,1,1,1,1,14,3,716,5
7,3,7,4,2,1,1,1,1,1,1,1,14,3,716,3
3,3,2,3,2,1,1,1,1,1,1,1,14,3,716,0
11,3,19,4,2,2,1,1,1,1,1,1,14,3,716,6
27,15,16,5,4,2,1,1,1,1,1,1,14,3,716,5
13,4,6,5,4,2,1,1,1,1,1,1,14,3,716,0
19,11,14,3,4,2,1,1,1,1,1,1,14,3,716,5
38,12,17,5,4,1,1,1,1,1,1,1,14,3,716,7
167,71,119,4,4,2,1,1,1,1,1,1,14,3,716,8
28,6,9,3,4,1,1,1,1,1,1,1,14,3,716,3
9,8,5,5,1,3,1,1,1,1,1,1,14,3,716,4
13,4,4,5,1,4,1,1,1,1,1,1,14,3,716,5
65,24,72,3,1,1,1,1,0,0,0,1,15,3,315,6
8,3,3,5,1,2,1,1,0,0,0,1,15,3,315,3
61,13,26,2,1,2,1,1,0,0,0,1,15,3,315,4
3,3,8,2,1,3,1,1,0,0,0,1,15,3,315,1
66,13,21,5,3,4,1,1,0,0,0,1,15,3,315,9
9,7,4,5,3,2,1,1,0,0,0,1,15,3,315,2
82,14,61,3,3,3,1,1,0,0,0,1,15,3,315,1
113,48,33,3,3,3,1,1,0,0,0,1,15,3,315,4
11,8,12,3,3,4,1,1,0,0,0,1,15,3,315,6
2,1,1,3,3,3,1,1,0,0,0,1,15,3,315,3
31,11,24,5,2,2,1,1,0,0,0,1,15,3,315,2
32,12,22,4,2,2,1,1,0,0,0,1,15,3,315,5
56,7,25,3,2,3,1,1,0,0,0,1,15,3,315,7
45,6,22,5,2,2,1,1,0,0,0,1,15,3,315,3
17,4,4,4,2,3,1,1,0,0,0,1,15,3,315,0
23,23,11,5,2,3,1,1,0,0,0,1,15,3,315,1
56,18,24,5,4,4,1,1,0,0,0,1,15,3,315,4
290,263,300,4,4,1,1,1,0,0,0,1,15,3,315,10
26,7,9,4,4,3,1,1,0,0,0,1,15,3,315,0
116,44,53,4,4,2,1,1,0,0,0,1,15,3,315,5
14,5,15,4,4,1,1,1,0,0,0,1,15,3,315,5
13,7,1,5,4,1,1,1,0,0,0,1,15,3,315,4
20,9,25,4,1,2,1,1,0,0,0,1,15,3,315,8
3,3,3,5,1,3,1,1,0,0,0,1,15,3,315,2
17,3,12,4,1,4,1,1,1,0,0,1,16,3.5,787,2
21,11,13,5,1,3,1,1,1,0,0,1,16,3.5,787,4
60,11,33,5,1,2,1,1,1,0,0,1,16,3.5,787,3
12,4,15,5,1,2,1,1,1,0,0,1,16,3.5,787,11
27,12,51,5,3,4,1,1,1,0,0,1,16,3.5,787,4
34,12,35,4,3,2,1,1,1,0,0,1,16,3.5,787,3
69,22,38,5,3,3,1,1,1,0,0,1,16,3.5,787,6
16,4,7,5,3,2,1,1,1,0,0,1,16,3.5,787,4
26,5,5,4,3,3,1,1,1,0,0,1,16,3.5,787,1
54,10,15,4,3,1,1,1,1,0,0,1,16,3.5,787,5
35,17,27,5,2,2,1,1,1,0,0,1,16,3.5,787,6
23,12,7,5,2,3,1,1,1,0,0,1,16,3.5,787,7
6,3,14,5,2,3,1,1,1,0,0,1,16,3.5,787,3
27,8,16,4,2,4,1,1,1,0,0,1,16,3.5,787,4
41,8,14,3,2,3,1,1,1,0,0,1,16,3.5,787,4
12,4,6,5,2,2,1,1,1,0,0,1,16,3.5,787,2
14,3,14,5,4,4,1,1,1,0,0,1,16,3.5,787,6
415,162,265,4,4,1,1,1,1,0,0,1,16,3.5,787,8
76,27,32,3,4,2,1,1,1,0,0,1,16,3.5,787,6
24,12,30,4,4,2,1,1,1,0,0,1,16,3.5,787,4
23,9,23,3,4,3,1,1,1,0,0,1,16,3.5,787,4
182,24,47,4,4,3,1,1,1,0,0,1,16,3.5,787,2
289,28,133,4,1,3,1,1,1,0,0,1,16,3.5,787,5
101,35,46,5,1,4,1,1,1,0,0,1,16,3.5,787,5
31,11,20,4,1,1,1,1,0,1,1,1,17,5,4027,2
20,6,9,5,1,5,1,1,0,1,1,1,17,5,4027,0
60,16,15,4,1,3,1,1,0,1,1,1,17,5,4027,5
1,0,2,5,1,2,1,1,0,1,1,1,17,5,4027,0
9,3,13,3,3,2,1,1,0,1,1,1,17,5,4027,2
19,7,5,5,3,2,1,1,0,1,1,1,17,5,4027,5
116,78,206,5,3,2,1,1,0,1,1,1,17,5,4027,9
22,13,26,4,3,2,1,1,0,1,1,1,17,5,4027,2
83,10,26,4,3,3,1,1,0,1,1,1,17,5,4027,1
20,3,9,5,3,2,1,1,0,1,1,1,17,5,4027,0
7,5,6,5,2,2,1,1,0,1,1,1,17,5,4027,1
95,34,46,5,2,1,1,1,0,1,1,1,17,5,4027,6
15,6,19,4,2,2,1,1,0,1,1,1,17,5,4027,4
13,7,12,4,2,2,1,1,0,1,1,1,17,5,4027,5
19,8,24,5,2,3,1,1,0,1,1,1,17,5,4027,10
21,6,15,5,2,2,1,1,0,1,1,1,17,5,4027,3
56,11,14,5,4,2,1,1,0,1,1,1,17,5,4027,5
29,7,15,5,4,2,1,1,0,1,1,1,17,5,4027,7
20,0,8,5,4,2,1,1,0,1,1,1,17,5,4027,2
39,20,31,4,4,2,1,1,0,1,1,1,17,5,4027,8
9,6,3,5,4,4,1,1,0,1,1,1,17,5,4027,5
43,38,29,5,4,2,1,1,0,1,1,1,17,5,4027,4
16,10,11,5,1,3,1,1,0,1,1,1,17,5,4027,9
6,6,12,4,1,2,1,1,0,1,1,1,17,5,4027,10
16,6,3,4,1,5,1,1,0,1,1,1,18,5,3933,3
15,3,13,5,1,3,1,1,0,1,1,1,18,5,3933,5
30,6,26,4,1,2,1,1,0,1,1,1,18,5,3933,3
41,9,111,5,1,1,1,1,0,1,1,1,18,5,3933,1
44,35,53,5,3,2,1,1,0,1,1,1,18,5,3933,6
30,9,17,2,3,1,1,1,0,1,1,1,18,5,3933,0
23,10,18,5,3,1,1,1,0,1,1,1,18,5,3933,4
3,0,8,2,3,3,1,1,0,1,1,1,18,5,3933,3
12,6,16,3,3,4,1,1,0,1,1,1,18,5,3933,3
15,6,17,5,3,2,1,1,0,1,1,1,18,5,3933,1
5,0,5,5,2,3,1,1,0,1,1,1,18,5,3933,0
32,5,11,4,2,1,1,1,0,1,1,1,18,5,3933,6
28,5,23,5,2,2,1,1,0,1,1,1,18,5,3933,5
77,18,48,4,2,3,1,1,0,1,1,1,18,5,3933,10
11,8,2,4,2,5,1,1,0,1,1,1,18,5,3933,0
102,25,37,5,2,3,1,1,0,1,1,1,18,5,3933,6
13,3,2,5,4,2,1,1,0,1,1,1,18,5,3933,6
62,13,31,4,4,1,1,1,0,1,1,1,18,5,3933,2
26,22,42,5,4,2,1,1,0,1,1,1,18,5,3933,5
13,6,12,4,4,2,1,1,0,1,1,1,18,5,3933,1
26,18,43,5,4,4,1,1,0,1,1,1,18,5,3933,4
17,10,39,5,4,4,1,1,0,1,1,1,18,5,3933,3
4,4,1,4,1,1,1,1,0,1,1,1,18,5,3933,1
20,18,19,2,1,3,1,1,0,1,1,1,18,5,3933,4
14,3,7,4,1,2,1,1,0,1,1,1,19,4,2916,7
19,3,12,5,1,2,1,1,0,1,1,1,19,4,2916,1
4,4,2,2,1,2,1,1,0,1,1,1,19,4,2916,1
116,12,43,4,1,4,1,1,0,1,1,1,19,4,2916,4
121,13,59,2,3,2,1,1,0,1,1,1,19,4,2916,9
14,7,6,5,3,2,1,1,0,1,1,1,19,4,2916,2
56,16,54,4,3,1,1,1,0,1,1,1,19,4,2916,9
73,4,39,3,3,4,1,1,0,1,1,1,19,4,2916,3
9,5,4,5,3,4,1,1,0,1,1,1,19,4,2916,6
137,42,51,3,3,2,1,1,0,1,1,1,19,4,2916,5
30,12,38,5,2,2,1,1,0,1,1,1,19,4,2916,4
130,19,49,3,2,2,1,1,0,1,1,1,19,4,2916,6
50,15,23,4,2,2,1,1,0,1,1,1,19,4,2916,3
22,9,11,4,2,3,1,1,0,1,1,1,19,4,2916,3
85,37,65,5,2,3,1,1,0,1,1,1,19,4,2916,4
73,7,26,5,2,2,1,1,0,1,1,1,19,4,2916,3
20,10,27,4,4,2,1,1,0,1,1,1,19,4,2916,2
13,6,13,5,4,2,1,1,0,1,1,1,19,4,2916,2
18,3,10,2,4,2,1,1,0,1,1,1,19,4,2916,2
6,4,6,5,4,2,1,1,0,1,1,1,19,4,2916,0
48,8,25,4,4,2,1,1,0,1,1,1,19,4,2916,6
24,3,5,5,4,2,1,1,0,1,1,1,19,4,2916,0
123,26,63,5,1,2,1,1,0,1,1,1,19,4,2916,4
24,7,6,4,1,4,1,1,0,1,1,1,19,4,2916,1
20,13,17,4,1,2,1,1,0,1,1,1,20,4,826,4
15,3,4,3,1,3,1,1,0,1,1,1,20,4,826,7
189,72,129,4,1,5,1,1,0,1,1,1,20,4,826,3
25,19,27,3,1,2,1,1,0,1,1,1,20,4,826,8
33,11,12,5,3,1,1,1,0,1,1,1,20,4,826,4
14,7,13,5,3,4,1,1,0,1,1,1,20,4,826,4
38,22,47,4,3,1,1,1,0,1,1,1,20,4,826,4
169,43,85,4,3,5,1,1,0,1,1,1,20,4,826,12
20,17,21,3,3,4,1,1,0,1,1,1,20,4,826,4
17,10,18,4,3,2,1,1,0,1,1,1,20,4,826,3
96,47,161,4,2,5,1,1,0,1,1,1,20,4,826,11
38,13,11,3,2,1,1,1,0,1,1,1,20,4,826,5
12,11,9,4,2,3,1,1,0,1,1,1,20,4,826,6
9,8,1,5,2,2,1,1,0,1,1,1,20,4,826,6
23,21,22,3,2,3,1,1,0,1,1,1,20,4,826,7
21,6,3,4,2,2,1,1,0,1,1,1,20,4,826,5
30,27,19,5,4,5,1,1,0,1,1,1,20,4,826,6
63,16,59,3,4,2,1,1,0,1,1,1,20,4,826,11
35,3,25,5,4,2,1,1,0,1,1,1,20,4,826,1
15,4,8,5,4,2,1,1,0,1,1,1,20,4,826,1
50,13,29,4,4,2,1,1,0,1,1,1,20,4,826,8
154,23,31,4,4,4,1,1,0,1,1,1,20,4,826,4
9,6,5,2,1,3,1,1,0,1,1,1,20,4,826,9
20,19,112,4,1,3,1,1,0,1,1,1,20,4,826,5
